BY-04
1 A0469U 26195E   26280.19837746  .00002786  00000-0  17538-3 0  9995
2 A0469  97.5335 353.2779 0013829 122.0354 238.2221 15.09931111  6501
JAMX01
1 A0470U 26195F   26280.19609334  .00004321  00000-0  26865-3 0  9997
2 A0470  97.5407 353.3186 0013970 123.6964 236.5599 15.10085176  6509
FO-29
1 24278U 96046B   26280.46855028  .00000012  00000-0  46005-4 0  9996
2 24278  98.5143 113.9403 0350088 164.8839 196.3090 13.53278801488353
RS-44
1 44909U 19096E   26280.42723622  .00000031  00000-0  85987-4 0  9992
2 44909  82.5168 265.1136 0216409 241.8179 116.0914 12.79749690316709
RS-95S
1 67291U 25313AV  26280.15988225  .00011102  00000-0  39812-3 0  9998
2 67291  97.3838 354.3511 0007130 324.0658  36.0102 15.28860530 43081
AO-123
1 61781U 24199AY  26280.57777326  .00005412  00000-0  15095-3 0  9995
2 61781  97.2806 148.2371 0011413 264.4289  95.5654 15.37115411151187
ISS
1 25544U 98067A   26280.56304952  .00004213  00000-0  85268-4 0  9995
2 25544  51.6311 103.9669 0006810 234.3585 125.6769 15.48762857589177
SO-50
1 27607U 02058C   26280.01773651  .00000473  00000-0  73783-4 0  9991
2 27607  64.5513 142.9310 0070640 241.8271 117.5687 14.83242738281042